0 2 911
0 7 920
0 24 163
18 12 900
18 21 900
15 26 157
15 6 151
15 7 173
15 24 900
12 2 900
12 18 900
12 21 900
16 8 151
4 14 900
4 5 900
4 24 900
5 14 900
5 4 900
5 24 900
10 6 284
10 14 900
10 3 919
10 7 924
10 17 900
10 24 900
21 12 900
21 18 900
7 26 151
7 1 217
7 2 946
7 6 900
7 15 173
7 14 916
7 8 927
7 3 900
7 10 924
7 13 152
7 0 920
7 17 912
7 24 927
6 15 151
6 8 900
6 10 284
6 7 900
6 24 900
20 26 393
20 27 467
20 1 357
20 9 153
20 14 261
20 8 373
20 13 350
20 17 364
20 25 230
20 19 925
20 22 258
20 24 423
28 26 168
28 27 872
28 1 910
28 2 195
28 9 171
28 14 574
28 8 748
28 13 315
28 17 893
28 25 359
28 19 291
28 22 909
28 24 946
3 27 230
3 1 477
3 2 150
3 14 958
3 8 419
3 10 919
3 13 230
3 7 900
3 17 544
3 23 475
3 25 346
3 19 220
3 22 230
3 24 956
27 26 973
27 1 843
27 2 388
27 20 467
27 9 936
27 14 803
27 8 832
27 3 230
27 13 988
27 28 872
27 11 151
27 17 975
27 23 359
27 25 634
27 19 581
27 22 575
27 24 979
26 27 973
26 1 956
26 2 440
26 20 393
26 15 157
26 9 262
26 14 961
26 8 761
26 13 647
26 7 151
26 28 168
26 11 900
26 17 970
26 23 194
26 25 504
26 19 273
26 22 395
26 24 978
24 26 978
24 27 979
24 1 989
24 2 984
24 6 900
24 20 423
24 15 900
24 9 980
24 14 994
24 8 996
24 3 956
24 10 900
24 13 990
24 7 927
24 0 163
24 5 900
24 4 900
24 28 946
24 11 933
24 17 999
24 23 972
24 25 918
24 19 980
24 22 982
22 26 395
22 27 575
22 1 967
22 2 325
22 20 258
22 9 404
22 14 723
22 8 714
22 3 230
22 13 678
22 28 909
22 17 643
22 23 174
22 25 506
22 19 783
22 24 982
19 26 273
19 27 581
19 1 733
19 2 957
19 20 925
19 9 992
19 14 968
19 8 977
19 3 220
19 13 896
19 28 291
19 17 954
19 23 193
19 25 997
19 22 783
19 24 980
25 26 504
25 27 634
25 1 694
25 2 518
25 20 230
25 9 994
25 14 972
25 8 984
25 3 346
25 13 998
25 28 359
25 17 695
25 23 929
25 19 997
25 22 506
25 24 918
23 26 194
23 27 359
23 1 962
23 2 372
23 9 155
23 14 944
23 8 585
23 3 475
23 13 341
23 17 531
23 25 929
23 19 193
23 22 174
23 24 972
17 26 970
17 27 975
17 1 986
17 2 659
17 20 364
17 9 954
17 14 984
17 8 991
17 3 544
17 10 900
17 13 983
17 7 912
17 28 893
17 11 929
17 23 531
17 25 695
17 19 954
17 22 643
17 24 999
11 26 900
11 27 151
11 1 350
11 14 835
11 8 299
11 13 216
11 17 929
11 24 933
13 26 647
13 27 988
13 1 835
13 2 947
13 20 350
13 9 975
13 14 987
13 8 983
13 3 230
13 7 152
13 28 315
13 11 216
13 17 983
13 23 341
13 25 998
13 19 896
13 22 678
13 24 990
8 16 151
8 26 761
8 27 832
8 1 994
8 2 752
8 6 900
8 20 373
8 9 975
8 14 991
8 3 419
8 13 983
8 7 927
8 28 748
8 11 299
8 17 991
8 23 585
8 25 984
8 19 977
8 22 714
8 24 996
14 26 961
14 27 803
14 1 987
14 2 956
14 20 261
14 9 961
14 8 991
14 3 958
14 10 900
14 13 987
14 7 916
14 5 900
14 4 900
14 28 574
14 11 835
14 17 984
14 23 944
14 25 972
14 19 968
14 22 723
14 24 994
9 26 262
9 27 936
9 1 963
9 2 941
9 20 153
9 14 961
9 8 975
9 13 975
9 28 171
9 17 954
9 23 155
9 25 994
9 19 992
9 22 404
9 24 980
2 26 440
2 27 388
2 12 900
2 1 686
2 9 941
2 14 956
2 8 752
2 3 150
2 13 947
2 7 946
2 0 911
2 28 195
2 17 659
2 23 372
2 25 518
2 19 957
2 22 325
2 24 984
1 26 956
1 27 843
1 2 686
1 20 357
1 9 963
1 14 987
1 8 994
1 3 477
1 13 835
1 7 217
1 28 910
1 11 350
1 17 986
1 23 962
1 25 694
1 19 733
1 22 967
1 24 989
