1 3 900
1 4 900
1 7 900
1 2 900
1 31 900
36 7 900
36 10 153
36 31 900
4 3 900
4 1 900
4 7 900
4 31 900
3 4 900
3 1 900
3 7 900
3 10 247
3 31 900
10 34 258
10 6 474
10 5 150
10 3 247
10 36 153
10 7 274
10 11 670
10 38 171
10 13 310
10 17 273
10 23 326
10 24 378
10 19 357
10 0 155
10 35 310
10 18 174
10 12 339
10 31 962
2 1 900
2 7 900
2 11 900
2 31 900
33 21 284
33 6 930
33 5 928
33 39 900
33 7 927
33 11 956
33 38 154
33 15 918
33 13 426
33 27 924
33 17 227
33 23 300
33 24 989
33 25 800
33 14 176
33 19 850
33 22 151
33 18 954
33 12 274
33 40 909
33 20 977
33 9 260
33 31 945
16 26 908
16 6 153
16 5 152
16 39 195
16 7 909
16 11 230
16 15 295
16 13 495
16 27 177
16 17 978
16 29 167
16 23 184
16 24 265
16 19 275
16 18 927
16 12 285
16 9 313
16 31 631
26 34 195
26 6 393
26 5 210
26 16 908
26 7 920
26 11 406
26 38 929
26 15 915
26 13 975
26 27 936
26 17 965
26 29 919
26 23 979
26 24 953
26 25 925
26 14 957
26 19 954
26 30 936
26 28 927
26 22 944
26 35 168
26 18 961
26 12 218
26 31 933
20 21 915
20 6 909
20 7 907
20 11 916
20 33 977
20 15 935
20 13 175
20 27 937
20 17 152
20 24 978
20 18 912
20 31 277
0 34 932
0 6 514
0 5 341
0 39 914
0 7 388
0 11 945
0 38 214
0 10 155
0 8 964
0 13 332
0 17 359
0 23 360
0 24 290
0 14 240
0 19 234
0 22 177
0 35 930
0 18 230
0 12 945
0 40 208
0 31 961
21 34 173
21 6 925
21 5 202
21 7 200
21 11 410
21 38 176
21 33 284
21 15 913
21 13 330
21 27 274
21 17 926
21 23 353
21 24 976
21 14 388
21 19 329
21 30 214
21 28 953
21 22 482
21 35 217
21 18 323
21 12 210
21 20 915
21 31 321
9 34 151
9 6 291
9 16 313
9 7 933
9 11 492
9 38 328
9 33 260
9 13 238
9 27 900
9 17 926
9 23 284
9 24 876
9 14 152
9 19 284
9 22 179
9 18 954
9 12 230
9 40 929
9 31 310
35 34 343
35 21 217
35 26 168
35 6 560
35 5 230
35 39 229
35 7 456
35 11 579
35 38 293
35 10 310
35 8 945
35 13 548
35 27 434
35 17 581
35 23 452
35 24 326
35 14 355
35 19 355
35 30 154
35 28 218
35 22 300
35 0 930
35 18 389
35 12 553
35 40 929
35 31 639
22 34 320
22 21 482
22 26 944
22 6 649
22 5 588
22 39 300
22 7 951
22 11 722
22 38 946
22 33 151
22 8 205
22 15 936
22 13 992
22 27 961
22 17 982
22 29 933
22 23 999
22 24 996
22 25 969
22 14 989
22 19 982
22 30 992
22 28 976
22 0 177
22 35 300
22 18 989
22 12 872
22 40 380
22 9 179
22 31 954
28 34 258
28 21 953
28 26 927
28 6 385
28 5 927
28 39 175
28 7 936
28 11 951
28 38 444
28 15 932
28 13 982
28 27 989
28 17 960
28 29 936
28 23 979
28 24 964
28 25 956
28 14 958
28 19 956
28 30 981
28 22 976
28 35 218
28 18 986
28 12 351
28 40 915
28 31 941
30 34 236
30 21 214
30 26 936
30 6 385
30 5 211
30 7 930
30 11 458
30 38 920
30 15 932
30 13 976
30 27 958
30 17 949
30 29 933
30 23 987
30 24 976
30 25 977
30 14 961
30 19 960
30 28 981
30 22 992
30 35 154
30 18 978
30 12 208
30 40 185
30 31 948
19 34 565
19 21 329
19 26 954
19 6 786
19 5 463
19 16 275
19 39 540
19 7 975
19 11 886
19 38 967
19 33 850
19 10 357
19 8 294
19 15 968
19 13 990
19 27 953
19 17 990
19 29 954
19 23 991
19 24 990
19 25 969
19 14 991
19 30 960
19 28 956
19 22 982
19 0 234
19 35 355
19 18 993
19 12 773
19 40 559
19 9 284
19 31 911
14 34 413
14 21 388
14 26 957
14 6 640
14 5 376
14 39 444
14 7 950
14 11 727
14 38 488
14 33 176
14 8 208
14 15 944
14 13 993
14 27 961
14 17 996
14 29 930
14 23 986
14 24 987
14 25 949
14 19 991
14 30 961
14 28 958
14 22 989
14 0 240
14 35 355
14 18 987
14 12 359
14 40 944
14 9 152
14 31 946
25 34 230
25 26 925
25 6 326
25 5 177
25 7 927
25 11 947
25 38 307
25 33 800
25 15 940
25 13 961
25 27 948
25 17 962
25 29 982
25 23 983
25 24 956
25 14 949
25 19 969
25 30 977
25 28 956
25 22 969
25 18 956
25 12 919
25 40 150
25 31 946
24 34 523
24 21 976
24 26 953
24 6 974
24 5 635
24 16 265
24 39 484
24 7 979
24 11 992
24 38 968
24 33 989
24 10 378
24 8 274
24 15 979
24 13 990
24 27 960
24 17 982
24 29 951
24 23 997
24 25 956
24 14 987
24 19 990
24 30 976
24 28 964
24 22 996
24 0 290
24 35 326
24 18 993
24 12 988
24 40 616
24 20 978
24 9 876
24 31 988
23 34 602
23 21 353
23 26 979
23 6 766
23 5 692
23 16 184
23 39 579
23 7 976
23 11 934
23 38 969
23 33 300
23 10 326
23 8 569
23 15 972
23 13 996
23 27 974
23 17 996
23 29 955
23 24 997
23 25 983
23 14 986
23 19 991
23 30 987
23 28 979
23 22 999
23 0 360
23 35 452
23 18 994
23 12 682
23 40 541
23 9 284
23 31 855
29 34 259
29 26 919
29 6 446
29 16 167
29 39 216
29 7 955
29 11 454
29 38 457
29 15 922
29 13 962
29 27 943
29 17 951
29 23 955
29 24 951
29 25 982
29 14 930
29 19 954
29 30 933
29 28 936
29 22 933
29 18 939
29 12 954
29 40 173
29 31 966
17 34 641
17 21 926
17 26 965
17 6 869
17 5 608
17 16 978
17 39 973
17 7 987
17 11 987
17 38 744
17 33 227
17 10 273
17 8 494
17 15 953
17 13 998
17 27 969
17 29 951
17 23 996
17 24 982
17 25 962
17 14 996
17 19 990
17 30 949
17 28 960
17 22 982
17 0 359
17 35 581
17 18 995
17 12 803
17 40 957
17 20 152
17 9 926
17 31 935
27 34 250
27 21 274
27 26 936
27 6 946
27 5 922
27 16 177
27 39 520
27 7 943
27 11 960
27 38 939
27 33 924
27 15 938
27 13 986
27 17 969
27 29 943
27 23 974
27 24 960
27 25 948
27 14 961
27 19 953
27 30 958
27 28 989
27 22 961
27 35 434
27 18 995
27 12 948
27 40 954
27 20 937
27 9 900
27 31 958
13 34 560
13 21 330
13 26 975
13 6 807
13 5 953
13 16 495
13 39 548
13 7 984
13 11 989
13 38 975
13 33 426
13 10 310
13 8 638
13 15 965
13 27 986
13 17 998
13 29 962
13 23 996
13 24 990
13 25 961
13 14 993
13 19 990
13 30 976
13 28 982
13 22 992
13 0 332
13 35 548
13 18 998
13 12 970
13 40 968
13 20 175
13 9 238
13 31 984
15 34 893
15 21 913
15 26 915
15 6 949
15 5 348
15 16 295
15 39 414
15 7 949
15 11 597
15 38 942
15 33 918
15 13 965
15 27 938
15 17 953
15 29 922
15 23 972
15 24 979
15 25 940
15 14 944
15 19 968
15 30 932
15 28 932
15 22 936
15 18 962
15 12 958
15 40 919
15 20 935
15 31 971
8 34 872
8 6 910
8 5 326
8 39 171
8 7 574
8 11 748
8 38 315
8 13 638
8 17 494
8 23 569
8 24 274
8 14 208
8 19 294
8 22 205
8 0 964
8 35 945
8 18 412
8 12 893
8 40 291
8 31 946
34 21 173
34 26 195
34 6 843
34 5 453
34 39 936
34 7 803
34 11 832
34 38 988
34 10 258
34 8 872
34 15 893
34 13 560
34 27 250
34 17 641
34 29 259
34 23 602
34 24 523
34 25 230
34 14 413
34 19 565
34 30 236
34 28 258
34 22 320
34 0 932
34 35 343
34 18 684
34 12 975
34 40 581
34 9 151
34 31 979
31 34 979
31 21 321
31 26 933
31 6 989
31 5 980
31 16 631
31 3 900
31 4 900
31 36 900
31 1 900
31 39 980
31 7 994
31 11 996
31 38 990
31 33 945
31 2 900
31 10 962
31 8 946
31 15 971
31 13 984
31 27 958
31 17 935
31 29 966
31 23 855
31 24 988
31 25 946
31 14 946
31 19 911
31 30 948
31 28 941
31 22 954
31 0 961
31 35 639
31 18 985
31 12 999
31 40 980
31 20 277
31 9 310
40 34 581
40 6 733
40 5 312
40 39 992
40 7 968
40 11 977
40 38 896
40 33 909
40 8 291
40 15 919
40 13 968
40 27 954
40 17 957
40 29 173
40 23 541
40 24 616
40 25 150
40 14 944
40 19 559
40 30 185
40 28 915
40 22 380
40 0 208
40 35 929
40 18 971
40 12 954
40 9 929
40 31 980
12 34 975
12 21 210
12 26 218
12 6 986
12 5 955
12 16 285
12 39 954
12 7 984
12 11 991
12 38 983
12 33 274
12 10 339
12 8 893
12 15 958
12 13 970
12 27 948
12 17 803
12 29 954
12 23 682
12 24 988
12 25 919
12 14 359
12 19 773
12 30 208
12 28 351
12 22 872
12 0 945
12 35 553
12 18 973
12 40 954
12 9 230
12 31 999
18 34 684
18 21 323
18 26 961
18 6 980
18 5 950
18 16 927
18 39 966
18 7 992
18 11 985
18 38 984
18 33 954
18 10 174
18 8 412
18 15 962
18 13 998
18 27 995
18 17 995
18 29 939
18 23 994
18 24 993
18 25 956
18 14 987
18 19 993
18 30 978
18 28 986
18 22 989
18 0 230
18 35 389
18 12 973
18 40 971
18 20 912
18 9 954
18 31 985
38 34 988
38 21 176
38 26 929
38 6 835
38 5 904
38 39 975
38 7 987
38 11 983
38 33 154
38 10 171
38 8 315
38 15 942
38 13 975
38 27 939
38 17 744
38 29 457
38 23 969
38 24 968
38 25 307
38 14 488
38 19 967
38 30 920
38 28 444
38 22 946
38 0 214
38 35 293
38 18 984
38 12 983
38 40 896
38 9 328
38 31 990
11 34 832
11 21 410
11 26 406
11 6 994
11 5 975
11 16 230
11 39 975
11 7 991
11 38 983
11 33 956
11 2 900
11 10 670
11 8 748
11 15 597
11 13 989
11 27 960
11 17 987
11 29 454
11 23 934
11 24 992
11 25 947
11 14 727
11 19 886
11 30 458
11 28 951
11 22 722
11 0 945
11 35 579
11 18 985
11 12 991
11 40 977
11 20 916
11 9 492
11 31 996
7 34 803
7 21 200
7 26 920
7 6 987
7 5 961
7 16 909
7 3 900
7 4 900
7 36 900
7 1 900
7 39 961
7 11 991
7 38 987
7 33 927
7 2 900
7 10 274
7 8 574
7 15 949
7 13 984
7 27 943
7 17 987
7 29 955
7 23 976
7 24 979
7 25 927
7 14 950
7 19 975
7 30 930
7 28 936
7 22 951
7 0 388
7 35 456
7 18 992
7 12 984
7 40 968
7 20 907
7 9 933
7 31 994
39 34 936
39 6 963
39 5 259
39 16 195
39 7 961
39 11 975
39 38 975
39 33 900
39 8 171
39 15 414
39 13 548
39 27 520
39 17 973
39 29 216
39 23 579
39 24 484
39 14 444
39 19 540
39 28 175
39 22 300
39 0 914
39 35 229
39 18 966
39 12 954
39 40 992
39 31 980
5 34 453
5 21 202
5 26 210
5 6 990
5 16 152
5 39 259
5 7 961
5 11 975
5 38 904
5 33 928
5 10 150
5 8 326
5 15 348
5 13 953
5 27 922
5 17 608
5 23 692
5 24 635
5 25 177
5 14 376
5 19 463
5 30 211
5 28 927
5 22 588
5 0 341
5 35 230
5 18 950
5 12 955
5 40 312
5 31 980
6 34 843
6 21 925
6 26 393
6 5 990
6 16 153
6 39 963
6 7 987
6 11 994
6 38 835
6 33 930
6 10 474
6 8 910
6 15 949
6 13 807
6 27 946
6 17 869
6 29 446
6 23 766
6 24 974
6 25 326
6 14 640
6 19 786
6 30 385
6 28 385
6 22 649
6 0 514
6 35 560
6 18 980
6 12 986
6 40 733
6 20 909
6 9 291
6 31 989
